161
79.452  153.331  141.992  96.2791
317.922  148.41  213.061  198.549
76.0694  100.684  244.808  75.8932
80.3583  180.526  79.2203  105.915
75.9317  93.5053  247.462  72.2278
184.641  120.272  221.058  128.231
198.029  108.387  260.255  129.639
248.784  177.65  127.419  176.716
218.434  141.467  188.607  150.864
313.754  124.747  256.924  189.238
183.77  113.716  237.156  125.397
239.377  98.7192  287.521  144.984
282.469  170.539  150.423  189.83
281.818  139.044  218.874  178.59
115.298  123.906  194.811  99.7007
260.251  173.437  137.189  180.79
176.491  112.666  245.934  121.901
249.108  168.373  145.483  173.923
279.339  176.734  135.709  190.715
139.362  114.253  224.653  106.285
269.568  165.296  158.667  181.898
235.567  165.19  149.237  166.677
259.565  111.514  268.266  158.995
68.3237  161.424  111.829  94.1621
280.957  165.055  156.339  187.669
195.547  167.723  130.994  149.581
292.029  165.525  162.567  192.978
262.228  143.105  200.257  171.098
222.061  120.035  233.13  145.13
277.544  187.967  114.071  193.513
214.697  105.216  264.935  135.868
151.741  98.1754  268.102  105.645
239.66  173.217  135.355  170.772
220.683  182.825  111.215  165.998
248.94  103.021  283.721  151.067
220.236  169.65  135.313  160.99
171.014  188.684  87.9801  146.423
217.504  169.706  133.313  159.854
310.063  104.563  305.373  180.104
235.859  166.609  146.083  167.44
279.664  141.35  208.955  179.123
312.171  102.954  311.659  180.367
140.586  156.624  136.472  121.961
296.71  183.552  137.921  199.325
171.864  109.765  245.259  119.061
69.1317  98.969  233.518  71.8322
265.988  141.921  204.121  172.255
242.629  103.929  279.484  148.621
119.438  154.721  137.461  113.116
284.788  169.07  153.496  190.911
132.557  168.415  118.815  122.63
234.883  182.602  112.692  171.802
211.903  133.049  206.816  145.228
295.421  182.488  137.921  199.325
191.174  99.9977  266.826  123.21
275.625  163.607  169.326  183.323
274.713  129.439  233.193  171.927
62.5706  138.559  158.808  83.5437
67.5825  132.548  167.137  83.9808
181.444  160.245  142.637  140.558
197.996  104.944  262.606  128.905
182.527  121.822  221.918  127.337
98.301  175.883  92.7774  111.066
302  166.456  169.481  196.62
215.023  157.67  154.885  154.491
176.842  111.678  243.993  121.109
288.036  173.264  146.737  192.827
214.094  136.39  197.478  146.607
76.5969  166.886  103.873  100.135
231.937  183.184  117.461  170.04
233.071  129.877  222.703  152.533
180.49  150.968  160.488  136.775
140.783  113.883  224.653  106.285
222.78  107.464  270.215  139.707
75.2697  179.339  80.3934  102.868
248.399  172.663  137.944  175.43
98.2156  102.622  235.407  85.4281
292.955  173.35  146.381  195.208
283.626  168.188  153.62  189.198
240.897  98.5858  287.521  144.984
110.639  120.72  205.511  96.157
243.661  155.072  175.234  167.222
194.948  109.786  253.383  129.55
136.984  125.161  200.879  110.15
293.905  165.558  162.567  192.978
89.5901  100.179  239.164  81.1937
281.725  165.752  163.245  186.851
260.162  98.681  299.025  155.095
263.858  115.698  263.655  161.336
62.7869  186.928  64.8289  101.967
234.221  128.614  222.703  152.533
80.6513  105.914  228.94  78.4165
253.714  172.318  136.15  176.637
355.313  192.928  121.271  233.206
234.531  157.056  166.666  162.395
164.361  120.356  220.403  118.548
148.036  107.88  240.753  108.591
261.03  110.375  272.629  159.855
288.036  173.264  148.546  192.293
172.316  151.286  158.246  133.014
244.101  153.746  170.675  165.872
282.793  148.891  195.316  183.691
289.905  169.176  159.051  191.558
175.953  161.017  138.116  137.977
70.1025  155.499  125.281  93.9457
304.041  169.93  156.606  198.922
237.578  173.427  134.279  169.076
159.79  101.683  256.973  111.577
186.097  175.38  113.301  147.208
219.342  104.146  271.928  138.782
214.303  179.009  114.196  160.742
240.006  112.515  262.654  151.11
213.053  171.068  130.583  157.409
209.548  100.021  279.046  132.902
330.666  101.362  319.759  187.558
65.5832  119.575  203.041  77.4372
216.794  184.703  109.61  165.669
286.349  119.024  261.931  172.785
333.181  128.576  258.391  200.76
96.4309  136.889  171.529  95.7856
68.6399  100.23  231.486  73.074
284.998  171.182  146.375  190.383
92.8128  99.3809  240.846  82.6647
275.24  114.192  265.872  168.55
176.401  138.774  182.516  130.008
59.3149  180.181  75.3011  96.1488
272.32  163.39  164.577  183.852
242.442  117.801  251.822  154.328
153.179  152.765  146.155  127.57
245.729  116.602  254.168  152.869
301.971  170.82  156.119  200.401
91.856  95.5193  251.803  78.3726
282.391  97.8742  305.363  166.12
277.901  181.516  132.836  189.344
240.135  110.76  262.654  151.11
203.869  96.3229  288.156  129.277
80.1184  102.684  229.927  78.9159
355.946  197.613  351.816  194.698
284.998  171.182  148.079  189.881
74.9008  173.337  93.1112  99.6773
224.55  163.707  143.938  159.832
135.094  125.001  200.879  110.15
317.275  199.385  115.245  212.109
92.9111  148.004  143.936  101.071
81.0557  110.031  222.173  82.6988
244.101  153.746  172.01  164.995
246.852  112.685  263.134  154.976
96.3858  138.252  169.105  95.7708
198.265  170.677  133.654  149.892
172.877  96.3277  276.864  116.064
237.166  158.699  163.433  166.839
309.32  124.928  253.088  185.509
236.539  156.831  171.008  161.886
193.376  159.004  151.497  143.709
259.949  154.299  182.899  171.562
226.983  180.323  113.548  165.993
232.863  115.949  243.018  150.501
83.2965  154.927  128.03  100.093
90.5077  103.371  230.238  83.9423
208.644  160.235  143.747  151.085
83.2965  154.927  128.03  100.093
